0.000159 6.000000 101.667034
0.002690 120.000000 188.188534
0.005091 146.000000 197.510474
0.007362 148.000000 200.281147
0.009939 153.000000 202.597574
0.012350 156.000000 203.857773
0.014692 158.000000 206.055127
0.016997 158.000000 207.587652
0.019246 161.000000 208.502756
0.021491 161.000000 209.674752
0.021650 161.000000 209.859978
0.021685 161.000000 209.855568
0.024035 161.000000 210.600882
0.026864 164.000000 211.347299
0.029312 165.000000 211.463065
0.031545 165.000000 211.464168
0.033775 170.000000 211.894157
0.035997 171.000000 212.069460
0.038438 171.000000 212.453142
0.040682 171.000000 212.424476
0.043763 171.000000 212.600882
0.044079 171.000000 212.589857
0.044163 171.000000 212.585447
0.047253 172.000000 213.088203
0.049714 174.000000 213.310915
0.051994 174.000000 213.428886
0.054407 174.000000 213.487321
0.056657 174.000000 213.801544
0.058999 174.000000 213.887541
0.061232 174.000000 213.775083
0.063725 174.000000 213.977949
0.066276 174.000000 213.910695
0.066457 174.000000 213.895259
0.066518 174.000000 213.895259
0.069158 175.000000 213.933848
0.072042 175.000000 213.911797
0.074746 175.000000 214.106946
0.077079 175.000000 214.017641
0.079751 175.000000 214.323043
0.082321 176.000000 214.374862
0.084792 176.000000 214.414553
0.087184 176.000000 214.371555
0.089424 176.000000 214.366042
0.089584 176.000000 214.364939
0.089618 176.000000 214.364939
0.092234 176.000000 214.433297
0.094456 176.000000 214.405733
0.096684 176.000000 214.405733
0.099102 176.000000 214.336273
0.101328 176.000000 214.369350
0.103696 176.000000 214.399118
0.106536 176.000000 214.386990
0.109723 176.000000 214.326351
0.112282 176.000000 214.296582
0.112454 176.000000 214.305402
0.112489 176.000000 214.305402
0.115108 176.000000 214.334068
0.117481 176.000000 214.328556
0.119811 176.000000 214.337376
0.122232 176.000000 214.353914
0.124779 176.000000 214.328556
0.127098 176.000000 214.320838
0.129346 176.000000 214.313120
0.131725 176.000000 214.314223
0.134030 176.000000 214.305402
0.134316 176.000000 214.310915
0.134389 176.000000 214.310915
0.137072 176.000000 214.314223
0.140154 176.000000 214.315325
0.142948 176.000000 214.313120
0.145641 176.000000 214.324146
0.148244 176.000000 214.323043
0.150748 176.000000 214.329658
0.153170 176.000000 214.320838
0.155539 176.000000 214.321940
0.158041 176.000000 214.325248
0.158235 176.000000 214.325248
0.158308 176.000000 214.325248
0.161485 176.000000 214.324146
0.164950 176.000000 214.318633
0.167546 176.000000 214.318633
0.170185 176.000000 214.323043
0.172620 176.000000 214.320838
0.175084 176.000000 214.323043
0.177423 176.000000 214.323043
0.179901 176.000000 214.319735
0.182426 176.000000 214.319735
0.182615 176.000000 214.319735
0.182652 176.000000 214.319735
0.185132 176.000000 214.318633
0.187838 176.000000 214.318633
0.190686 176.000000 214.318633
0.193157 176.000000 214.318633
0.195552 176.000000 214.318633
0.197911 176.000000 214.320838
0.200558 176.000000 214.320838
0.203125 176.000000 214.319735
0.205487 176.000000 214.319735
0.205655 176.000000 214.319735
0.205691 176.000000 214.319735
0.208210 176.000000 214.318633
0.210578 176.000000 214.318633
0.212890 176.000000 214.318633
0.215643 176.000000 214.318633
0.218864 176.000000 214.318633
0.221675 176.000000 214.318633
0.224110 176.000000 214.318633
0.226767 176.000000 214.318633
0.229046 176.000000 214.318633
0.229215 176.000000 214.318633
0.229289 176.000000 214.318633
0.231635 176.000000 214.318633
0.234281 176.000000 214.318633
0.236529 176.000000 214.318633
0.239138 176.000000 214.318633
0.243130 176.000000 214.318633
0.246029 176.000000 214.318633
0.248560 176.000000 214.318633
0.251045 176.000000 214.318633
0.253504 176.000000 214.318633
0.253675 176.000000 214.318633
